# x
0.000000000000000000e+00
1.000000000000000000e+00
5.000000000000000000e-01
2.500000000000000000e-01
7.500000000000000000e-01
1.250000000000000000e-01
6.250000000000000000e-01
3.750000000000000000e-01
8.750000000000000000e-01
6.250000000000000000e-02
5.625000000000000000e-01
3.125000000000000000e-01
8.125000000000000000e-01
1.875000000000000000e-01
6.875000000000000000e-01
4.375000000000000000e-01
9.375000000000000000e-01
3.125000000000000000e-02
5.312500000000000000e-01
2.812500000000000000e-01
7.812500000000000000e-01
1.562500000000000000e-01
6.562500000000000000e-01
4.062500000000000000e-01
9.062500000000000000e-01
9.375000000000000000e-02
5.937500000000000000e-01
3.437500000000000000e-01
8.437500000000000000e-01
2.187500000000000000e-01
7.187500000000000000e-01
4.687500000000000000e-01
9.687500000000000000e-01
1.562500000000000000e-02
5.156250000000000000e-01
2.656250000000000000e-01
7.656250000000000000e-01
1.406250000000000000e-01
6.406250000000000000e-01
3.906250000000000000e-01
8.906250000000000000e-01
7.812500000000000000e-02
5.781250000000000000e-01
3.281250000000000000e-01
8.281250000000000000e-01
2.031250000000000000e-01
7.031250000000000000e-01
4.531250000000000000e-01
9.531250000000000000e-01
4.687500000000000000e-02
5.468750000000000000e-01
2.968750000000000000e-01
7.968750000000000000e-01
1.718750000000000000e-01
6.718750000000000000e-01
4.218750000000000000e-01
9.218750000000000000e-01
1.093750000000000000e-01
6.093750000000000000e-01
3.593750000000000000e-01
8.593750000000000000e-01
2.343750000000000000e-01
7.343750000000000000e-01
4.843750000000000000e-01
9.843750000000000000e-01
7.812500000000000000e-03
5.078125000000000000e-01
2.578125000000000000e-01
7.578125000000000000e-01
1.328125000000000000e-01
6.328125000000000000e-01
3.828125000000000000e-01
8.828125000000000000e-01
7.031250000000000000e-02
5.703125000000000000e-01
3.203125000000000000e-01
8.203125000000000000e-01
1.953125000000000000e-01
6.953125000000000000e-01
4.453125000000000000e-01
9.453125000000000000e-01
3.906250000000000000e-02
5.390625000000000000e-01
2.890625000000000000e-01
7.890625000000000000e-01
1.640625000000000000e-01
6.640625000000000000e-01
4.140625000000000000e-01
9.140625000000000000e-01
1.015625000000000000e-01
6.015625000000000000e-01
3.515625000000000000e-01
8.515625000000000000e-01
2.265625000000000000e-01
7.265625000000000000e-01
4.765625000000000000e-01
9.765625000000000000e-01
2.343750000000000000e-02
5.234375000000000000e-01
2.734375000000000000e-01
7.734375000000000000e-01
1.484375000000000000e-01
6.484375000000000000e-01
3.984375000000000000e-01
8.984375000000000000e-01
8.593750000000000000e-02
5.859375000000000000e-01
3.359375000000000000e-01
8.359375000000000000e-01
2.109375000000000000e-01
7.109375000000000000e-01
4.609375000000000000e-01
9.609375000000000000e-01
5.468750000000000000e-02
5.546875000000000000e-01
3.046875000000000000e-01
8.046875000000000000e-01
1.796875000000000000e-01
6.796875000000000000e-01
4.296875000000000000e-01
9.296875000000000000e-01
1.171875000000000000e-01
6.171875000000000000e-01
3.671875000000000000e-01
8.671875000000000000e-01
2.421875000000000000e-01
7.421875000000000000e-01
4.921875000000000000e-01
9.921875000000000000e-01
3.906250000000000000e-03
5.039062500000000000e-01
2.539062500000000000e-01
7.539062500000000000e-01
1.289062500000000000e-01
6.289062500000000000e-01
3.789062500000000000e-01
8.789062500000000000e-01
6.640625000000000000e-02
5.664062500000000000e-01
3.164062500000000000e-01
8.164062500000000000e-01
1.914062500000000000e-01
6.914062500000000000e-01
4.414062500000000000e-01
9.414062500000000000e-01
3.515625000000000000e-02
5.351562500000000000e-01
2.851562500000000000e-01
7.851562500000000000e-01
1.601562500000000000e-01
6.601562500000000000e-01
4.101562500000000000e-01
9.101562500000000000e-01
9.765625000000000000e-02
5.976562500000000000e-01
3.476562500000000000e-01
8.476562500000000000e-01
2.226562500000000000e-01
7.226562500000000000e-01
4.726562500000000000e-01
9.726562500000000000e-01
1.953125000000000000e-02
5.195312500000000000e-01
2.695312500000000000e-01
7.695312500000000000e-01
1.445312500000000000e-01
6.445312500000000000e-01
3.945312500000000000e-01
8.945312500000000000e-01
8.203125000000000000e-02
5.820312500000000000e-01
3.320312500000000000e-01
8.320312500000000000e-01
2.070312500000000000e-01
7.070312500000000000e-01
4.570312500000000000e-01
9.570312500000000000e-01
5.078125000000000000e-02
5.507812500000000000e-01
3.007812500000000000e-01
8.007812500000000000e-01
1.757812500000000000e-01
6.757812500000000000e-01
4.257812500000000000e-01
9.257812500000000000e-01
1.132812500000000000e-01
6.132812500000000000e-01
3.632812500000000000e-01
8.632812500000000000e-01
2.382812500000000000e-01
7.382812500000000000e-01
4.882812500000000000e-01
9.882812500000000000e-01
1.171875000000000000e-02
5.117187500000000000e-01
2.617187500000000000e-01
7.617187500000000000e-01
1.367187500000000000e-01
6.367187500000000000e-01
3.867187500000000000e-01
8.867187500000000000e-01
7.421875000000000000e-02
5.742187500000000000e-01
3.242187500000000000e-01
8.242187500000000000e-01
1.992187500000000000e-01
6.992187500000000000e-01
4.492187500000000000e-01
9.492187500000000000e-01
4.296875000000000000e-02
5.429687500000000000e-01
2.929687500000000000e-01
7.929687500000000000e-01
1.679687500000000000e-01
6.679687500000000000e-01
4.179687500000000000e-01
9.179687500000000000e-01
1.054687500000000000e-01
6.054687500000000000e-01
3.554687500000000000e-01
8.554687500000000000e-01
2.304687500000000000e-01
7.304687500000000000e-01
4.804687500000000000e-01
9.804687500000000000e-01
2.734375000000000000e-02
5.273437500000000000e-01
2.773437500000000000e-01
7.773437500000000000e-01
1.523437500000000000e-01
6.523437500000000000e-01
4.023437500000000000e-01
9.023437500000000000e-01
8.984375000000000000e-02
5.898437500000000000e-01
3.398437500000000000e-01
8.398437500000000000e-01
2.148437500000000000e-01
7.148437500000000000e-01
4.648437500000000000e-01
9.648437500000000000e-01
5.859375000000000000e-02
5.585937500000000000e-01
3.085937500000000000e-01
8.085937500000000000e-01
1.835937500000000000e-01
6.835937500000000000e-01
4.335937500000000000e-01
9.335937500000000000e-01
1.210937500000000000e-01
6.210937500000000000e-01
3.710937500000000000e-01
8.710937500000000000e-01
2.460937500000000000e-01
7.460937500000000000e-01
4.960937500000000000e-01
9.960937500000000000e-01
1.953125000000000000e-03
5.019531250000000000e-01
2.519531250000000000e-01
7.519531250000000000e-01
1.269531250000000000e-01
6.269531250000000000e-01
3.769531250000000000e-01
8.769531250000000000e-01
6.445312500000000000e-02
5.644531250000000000e-01
3.144531250000000000e-01
8.144531250000000000e-01
1.894531250000000000e-01
6.894531250000000000e-01
4.394531250000000000e-01
9.394531250000000000e-01
3.320312500000000000e-02
5.332031250000000000e-01
2.832031250000000000e-01
7.832031250000000000e-01
1.582031250000000000e-01
6.582031250000000000e-01
4.082031250000000000e-01
9.082031250000000000e-01
9.570312500000000000e-02
5.957031250000000000e-01
3.457031250000000000e-01
8.457031250000000000e-01
2.207031250000000000e-01
7.207031250000000000e-01
4.707031250000000000e-01
9.707031250000000000e-01
1.757812500000000000e-02
5.175781250000000000e-01
2.675781250000000000e-01
7.675781250000000000e-01
1.425781250000000000e-01
6.425781250000000000e-01
3.925781250000000000e-01
8.925781250000000000e-01
8.007812500000000000e-02
5.800781250000000000e-01
3.300781250000000000e-01
8.300781250000000000e-01
2.050781250000000000e-01
7.050781250000000000e-01
4.550781250000000000e-01
9.550781250000000000e-01
4.882812500000000000e-02
5.488281250000000000e-01
2.988281250000000000e-01
7.988281250000000000e-01
1.738281250000000000e-01
6.738281250000000000e-01
4.238281250000000000e-01
9.238281250000000000e-01
1.113281250000000000e-01
6.113281250000000000e-01
3.613281250000000000e-01
8.613281250000000000e-01
2.363281250000000000e-01
7.363281250000000000e-01
4.863281250000000000e-01
9.863281250000000000e-01
9.765625000000000000e-03
5.097656250000000000e-01
2.597656250000000000e-01
7.597656250000000000e-01
1.347656250000000000e-01
6.347656250000000000e-01
3.847656250000000000e-01
8.847656250000000000e-01
7.226562500000000000e-02
5.722656250000000000e-01
3.222656250000000000e-01
8.222656250000000000e-01
1.972656250000000000e-01
6.972656250000000000e-01
4.472656250000000000e-01
9.472656250000000000e-01
4.101562500000000000e-02
5.410156250000000000e-01
2.910156250000000000e-01
7.910156250000000000e-01
1.660156250000000000e-01
6.660156250000000000e-01
4.160156250000000000e-01
9.160156250000000000e-01
1.035156250000000000e-01
6.035156250000000000e-01
3.535156250000000000e-01
8.535156250000000000e-01
2.285156250000000000e-01
7.285156250000000000e-01
4.785156250000000000e-01
9.785156250000000000e-01
2.539062500000000000e-02
5.253906250000000000e-01
2.753906250000000000e-01
7.753906250000000000e-01
1.503906250000000000e-01
6.503906250000000000e-01
4.003906250000000000e-01
9.003906250000000000e-01
8.789062500000000000e-02
5.878906250000000000e-01
3.378906250000000000e-01
8.378906250000000000e-01
2.128906250000000000e-01
7.128906250000000000e-01
4.628906250000000000e-01
9.628906250000000000e-01
5.664062500000000000e-02
5.566406250000000000e-01
3.066406250000000000e-01
8.066406250000000000e-01
1.816406250000000000e-01
6.816406250000000000e-01
4.316406250000000000e-01
9.316406250000000000e-01
1.191406250000000000e-01
6.191406250000000000e-01
3.691406250000000000e-01
8.691406250000000000e-01
2.441406250000000000e-01
7.441406250000000000e-01
4.941406250000000000e-01
9.941406250000000000e-01
5.859375000000000000e-03
5.058593750000000000e-01
2.558593750000000000e-01
7.558593750000000000e-01
1.308593750000000000e-01
6.308593750000000000e-01
3.808593750000000000e-01
8.808593750000000000e-01
6.835937500000000000e-02
5.683593750000000000e-01
3.183593750000000000e-01
8.183593750000000000e-01
1.933593750000000000e-01
6.933593750000000000e-01
4.433593750000000000e-01
9.433593750000000000e-01
3.710937500000000000e-02
5.371093750000000000e-01
2.871093750000000000e-01
7.871093750000000000e-01
1.621093750000000000e-01
6.621093750000000000e-01
4.121093750000000000e-01
9.121093750000000000e-01
9.960937500000000000e-02
5.996093750000000000e-01
3.496093750000000000e-01
8.496093750000000000e-01
2.246093750000000000e-01
7.246093750000000000e-01
4.746093750000000000e-01
9.746093750000000000e-01
2.148437500000000000e-02
5.214843750000000000e-01
2.714843750000000000e-01
7.714843750000000000e-01
1.464843750000000000e-01
6.464843750000000000e-01
3.964843750000000000e-01
8.964843750000000000e-01
8.398437500000000000e-02
5.839843750000000000e-01
3.339843750000000000e-01
8.339843750000000000e-01
2.089843750000000000e-01
7.089843750000000000e-01
4.589843750000000000e-01
9.589843750000000000e-01
5.273437500000000000e-02
5.527343750000000000e-01
3.027343750000000000e-01
8.027343750000000000e-01
1.777343750000000000e-01
6.777343750000000000e-01
4.277343750000000000e-01
9.277343750000000000e-01
1.152343750000000000e-01
6.152343750000000000e-01
3.652343750000000000e-01
8.652343750000000000e-01
2.402343750000000000e-01
7.402343750000000000e-01
4.902343750000000000e-01
9.902343750000000000e-01
1.367187500000000000e-02
5.136718750000000000e-01
2.636718750000000000e-01
7.636718750000000000e-01
1.386718750000000000e-01
6.386718750000000000e-01
3.886718750000000000e-01
8.886718750000000000e-01
7.617187500000000000e-02
5.761718750000000000e-01
3.261718750000000000e-01
8.261718750000000000e-01
2.011718750000000000e-01
7.011718750000000000e-01
4.511718750000000000e-01
9.511718750000000000e-01
4.492187500000000000e-02
5.449218750000000000e-01
2.949218750000000000e-01
7.949218750000000000e-01
1.699218750000000000e-01
6.699218750000000000e-01
4.199218750000000000e-01
9.199218750000000000e-01
1.074218750000000000e-01
6.074218750000000000e-01
3.574218750000000000e-01
8.574218750000000000e-01
2.324218750000000000e-01
7.324218750000000000e-01
4.824218750000000000e-01
9.824218750000000000e-01
2.929687500000000000e-02
5.292968750000000000e-01
2.792968750000000000e-01
7.792968750000000000e-01
1.542968750000000000e-01
6.542968750000000000e-01
4.042968750000000000e-01
9.042968750000000000e-01
9.179687500000000000e-02
5.917968750000000000e-01
3.417968750000000000e-01
8.417968750000000000e-01
2.167968750000000000e-01
7.167968750000000000e-01
4.667968750000000000e-01
9.667968750000000000e-01
6.054687500000000000e-02
5.605468750000000000e-01
3.105468750000000000e-01
8.105468750000000000e-01
1.855468750000000000e-01
6.855468750000000000e-01
4.355468750000000000e-01
9.355468750000000000e-01
1.230468750000000000e-01
6.230468750000000000e-01
3.730468750000000000e-01
8.730468750000000000e-01
2.480468750000000000e-01
7.480468750000000000e-01
4.980468750000000000e-01
9.980468750000000000e-01
9.765625000000000000e-04
5.009765625000000000e-01
2.509765625000000000e-01
7.509765625000000000e-01
1.259765625000000000e-01
6.259765625000000000e-01
3.759765625000000000e-01
8.759765625000000000e-01
6.347656250000000000e-02
5.634765625000000000e-01
3.134765625000000000e-01
8.134765625000000000e-01
1.884765625000000000e-01
6.884765625000000000e-01
4.384765625000000000e-01
9.384765625000000000e-01
3.222656250000000000e-02
5.322265625000000000e-01
2.822265625000000000e-01
7.822265625000000000e-01
1.572265625000000000e-01
6.572265625000000000e-01
4.072265625000000000e-01
9.072265625000000000e-01
9.472656250000000000e-02
5.947265625000000000e-01
3.447265625000000000e-01
8.447265625000000000e-01
2.197265625000000000e-01
7.197265625000000000e-01
4.697265625000000000e-01
9.697265625000000000e-01
1.660156250000000000e-02
5.166015625000000000e-01
2.666015625000000000e-01
7.666015625000000000e-01
1.416015625000000000e-01
6.416015625000000000e-01
3.916015625000000000e-01
8.916015625000000000e-01
7.910156250000000000e-02
5.791015625000000000e-01
3.291015625000000000e-01
8.291015625000000000e-01
2.041015625000000000e-01
7.041015625000000000e-01
4.541015625000000000e-01
9.541015625000000000e-01
4.785156250000000000e-02
5.478515625000000000e-01
2.978515625000000000e-01
7.978515625000000000e-01
1.728515625000000000e-01
6.728515625000000000e-01
4.228515625000000000e-01
9.228515625000000000e-01
1.103515625000000000e-01
6.103515625000000000e-01
3.603515625000000000e-01
8.603515625000000000e-01
2.353515625000000000e-01
7.353515625000000000e-01
4.853515625000000000e-01
9.853515625000000000e-01
8.789062500000000000e-03
5.087890625000000000e-01
2.587890625000000000e-01
7.587890625000000000e-01
1.337890625000000000e-01
6.337890625000000000e-01
3.837890625000000000e-01
8.837890625000000000e-01
7.128906250000000000e-02
5.712890625000000000e-01
3.212890625000000000e-01
8.212890625000000000e-01
1.962890625000000000e-01
6.962890625000000000e-01
4.462890625000000000e-01
9.462890625000000000e-01
4.003906250000000000e-02
5.400390625000000000e-01
2.900390625000000000e-01
7.900390625000000000e-01
1.650390625000000000e-01
6.650390625000000000e-01
4.150390625000000000e-01
9.150390625000000000e-01
1.025390625000000000e-01
6.025390625000000000e-01
3.525390625000000000e-01
8.525390625000000000e-01
2.275390625000000000e-01
7.275390625000000000e-01
4.775390625000000000e-01
9.775390625000000000e-01
2.441406250000000000e-02
5.244140625000000000e-01
2.744140625000000000e-01
7.744140625000000000e-01
1.494140625000000000e-01
6.494140625000000000e-01
3.994140625000000000e-01
8.994140625000000000e-01
8.691406250000000000e-02
5.869140625000000000e-01
3.369140625000000000e-01
8.369140625000000000e-01
2.119140625000000000e-01
7.119140625000000000e-01
4.619140625000000000e-01
9.619140625000000000e-01
5.566406250000000000e-02
5.556640625000000000e-01
3.056640625000000000e-01
8.056640625000000000e-01
1.806640625000000000e-01
6.806640625000000000e-01
4.306640625000000000e-01
9.306640625000000000e-01
1.181640625000000000e-01
6.181640625000000000e-01
3.681640625000000000e-01
8.681640625000000000e-01
2.431640625000000000e-01
7.431640625000000000e-01
4.931640625000000000e-01
9.931640625000000000e-01
4.882812500000000000e-03
5.048828125000000000e-01
2.548828125000000000e-01
7.548828125000000000e-01
1.298828125000000000e-01
6.298828125000000000e-01
3.798828125000000000e-01
8.798828125000000000e-01
6.738281250000000000e-02
5.673828125000000000e-01
3.173828125000000000e-01
8.173828125000000000e-01
1.923828125000000000e-01
6.923828125000000000e-01
4.423828125000000000e-01
9.423828125000000000e-01
3.613281250000000000e-02
5.361328125000000000e-01
2.861328125000000000e-01
7.861328125000000000e-01
1.611328125000000000e-01
6.611328125000000000e-01
4.111328125000000000e-01
9.111328125000000000e-01
9.863281250000000000e-02
5.986328125000000000e-01
3.486328125000000000e-01
8.486328125000000000e-01
2.236328125000000000e-01
7.236328125000000000e-01
4.736328125000000000e-01
9.736328125000000000e-01
2.050781250000000000e-02
5.205078125000000000e-01
2.705078125000000000e-01
7.705078125000000000e-01
1.455078125000000000e-01
6.455078125000000000e-01
3.955078125000000000e-01
8.955078125000000000e-01
8.300781250000000000e-02
5.830078125000000000e-01
3.330078125000000000e-01
8.330078125000000000e-01
2.080078125000000000e-01
7.080078125000000000e-01
4.580078125000000000e-01
9.580078125000000000e-01
5.175781250000000000e-02
5.517578125000000000e-01
3.017578125000000000e-01
8.017578125000000000e-01
1.767578125000000000e-01
6.767578125000000000e-01
4.267578125000000000e-01
9.267578125000000000e-01
1.142578125000000000e-01
6.142578125000000000e-01
3.642578125000000000e-01
8.642578125000000000e-01
2.392578125000000000e-01
7.392578125000000000e-01
4.892578125000000000e-01
9.892578125000000000e-01
1.269531250000000000e-02
5.126953125000000000e-01
2.626953125000000000e-01
7.626953125000000000e-01
1.376953125000000000e-01
6.376953125000000000e-01
3.876953125000000000e-01
8.876953125000000000e-01
7.519531250000000000e-02
5.751953125000000000e-01
3.251953125000000000e-01
8.251953125000000000e-01
2.001953125000000000e-01
7.001953125000000000e-01
4.501953125000000000e-01
9.501953125000000000e-01
4.394531250000000000e-02
5.439453125000000000e-01
2.939453125000000000e-01
7.939453125000000000e-01
1.689453125000000000e-01
6.689453125000000000e-01
4.189453125000000000e-01
9.189453125000000000e-01
1.064453125000000000e-01
6.064453125000000000e-01
3.564453125000000000e-01
8.564453125000000000e-01
2.314453125000000000e-01
7.314453125000000000e-01
4.814453125000000000e-01
9.814453125000000000e-01
2.832031250000000000e-02
5.283203125000000000e-01
2.783203125000000000e-01
7.783203125000000000e-01
1.533203125000000000e-01
6.533203125000000000e-01
4.033203125000000000e-01
9.033203125000000000e-01
9.082031250000000000e-02
5.908203125000000000e-01
3.408203125000000000e-01
8.408203125000000000e-01
2.158203125000000000e-01
7.158203125000000000e-01
4.658203125000000000e-01
9.658203125000000000e-01
5.957031250000000000e-02
5.595703125000000000e-01
3.095703125000000000e-01
8.095703125000000000e-01
1.845703125000000000e-01
6.845703125000000000e-01
4.345703125000000000e-01
9.345703125000000000e-01
1.220703125000000000e-01
6.220703125000000000e-01
3.720703125000000000e-01
8.720703125000000000e-01
2.470703125000000000e-01
7.470703125000000000e-01
4.970703125000000000e-01
9.970703125000000000e-01
2.929687500000000000e-03
5.029296875000000000e-01
2.529296875000000000e-01
7.529296875000000000e-01
1.279296875000000000e-01
6.279296875000000000e-01
3.779296875000000000e-01
8.779296875000000000e-01
6.542968750000000000e-02
5.654296875000000000e-01
3.154296875000000000e-01
8.154296875000000000e-01
1.904296875000000000e-01
6.904296875000000000e-01
4.404296875000000000e-01
9.404296875000000000e-01
3.417968750000000000e-02
5.341796875000000000e-01
2.841796875000000000e-01
7.841796875000000000e-01
1.591796875000000000e-01
6.591796875000000000e-01
4.091796875000000000e-01
9.091796875000000000e-01
9.667968750000000000e-02
5.966796875000000000e-01
3.466796875000000000e-01
8.466796875000000000e-01
2.216796875000000000e-01
7.216796875000000000e-01
4.716796875000000000e-01
9.716796875000000000e-01
1.855468750000000000e-02
5.185546875000000000e-01
2.685546875000000000e-01
7.685546875000000000e-01
1.435546875000000000e-01
6.435546875000000000e-01
3.935546875000000000e-01
8.935546875000000000e-01
8.105468750000000000e-02
5.810546875000000000e-01
3.310546875000000000e-01
8.310546875000000000e-01
2.060546875000000000e-01
7.060546875000000000e-01
4.560546875000000000e-01
9.560546875000000000e-01
4.980468750000000000e-02
5.498046875000000000e-01
2.998046875000000000e-01
7.998046875000000000e-01
1.748046875000000000e-01
6.748046875000000000e-01
4.248046875000000000e-01
9.248046875000000000e-01
1.123046875000000000e-01
6.123046875000000000e-01
3.623046875000000000e-01
8.623046875000000000e-01
2.373046875000000000e-01
7.373046875000000000e-01
4.873046875000000000e-01
9.873046875000000000e-01
1.074218750000000000e-02
5.107421875000000000e-01
2.607421875000000000e-01
7.607421875000000000e-01
1.357421875000000000e-01
6.357421875000000000e-01
3.857421875000000000e-01
8.857421875000000000e-01
7.324218750000000000e-02
5.732421875000000000e-01
3.232421875000000000e-01
8.232421875000000000e-01
1.982421875000000000e-01
6.982421875000000000e-01
4.482421875000000000e-01
9.482421875000000000e-01
4.199218750000000000e-02
5.419921875000000000e-01
2.919921875000000000e-01
7.919921875000000000e-01
1.669921875000000000e-01
6.669921875000000000e-01
4.169921875000000000e-01
9.169921875000000000e-01
1.044921875000000000e-01
6.044921875000000000e-01
3.544921875000000000e-01
8.544921875000000000e-01
2.294921875000000000e-01
7.294921875000000000e-01
4.794921875000000000e-01
9.794921875000000000e-01
2.636718750000000000e-02
5.263671875000000000e-01
2.763671875000000000e-01
7.763671875000000000e-01
1.513671875000000000e-01
6.513671875000000000e-01
4.013671875000000000e-01
9.013671875000000000e-01
8.886718750000000000e-02
5.888671875000000000e-01
3.388671875000000000e-01
8.388671875000000000e-01
2.138671875000000000e-01
7.138671875000000000e-01
4.638671875000000000e-01
9.638671875000000000e-01
5.761718750000000000e-02
5.576171875000000000e-01
3.076171875000000000e-01
8.076171875000000000e-01
1.826171875000000000e-01
6.826171875000000000e-01
4.326171875000000000e-01
9.326171875000000000e-01
1.201171875000000000e-01
6.201171875000000000e-01
3.701171875000000000e-01
8.701171875000000000e-01
2.451171875000000000e-01
7.451171875000000000e-01
4.951171875000000000e-01
9.951171875000000000e-01
6.835937500000000000e-03
5.068359375000000000e-01
2.568359375000000000e-01
7.568359375000000000e-01
1.318359375000000000e-01
6.318359375000000000e-01
3.818359375000000000e-01
8.818359375000000000e-01
6.933593750000000000e-02
5.693359375000000000e-01
3.193359375000000000e-01
8.193359375000000000e-01
1.943359375000000000e-01
6.943359375000000000e-01
4.443359375000000000e-01
9.443359375000000000e-01
3.808593750000000000e-02
5.380859375000000000e-01
2.880859375000000000e-01
7.880859375000000000e-01
1.630859375000000000e-01
6.630859375000000000e-01
4.130859375000000000e-01
9.130859375000000000e-01
1.005859375000000000e-01
6.005859375000000000e-01
3.505859375000000000e-01
8.505859375000000000e-01
2.255859375000000000e-01
7.255859375000000000e-01
4.755859375000000000e-01
9.755859375000000000e-01
2.246093750000000000e-02
5.224609375000000000e-01
2.724609375000000000e-01
7.724609375000000000e-01
1.474609375000000000e-01
6.474609375000000000e-01
3.974609375000000000e-01
8.974609375000000000e-01
8.496093750000000000e-02
5.849609375000000000e-01
3.349609375000000000e-01
8.349609375000000000e-01
2.099609375000000000e-01
7.099609375000000000e-01
4.599609375000000000e-01
9.599609375000000000e-01
5.371093750000000000e-02
5.537109375000000000e-01
3.037109375000000000e-01
8.037109375000000000e-01
1.787109375000000000e-01
6.787109375000000000e-01
4.287109375000000000e-01
9.287109375000000000e-01
1.162109375000000000e-01
6.162109375000000000e-01
3.662109375000000000e-01
8.662109375000000000e-01
2.412109375000000000e-01
7.412109375000000000e-01
4.912109375000000000e-01
9.912109375000000000e-01
1.464843750000000000e-02
5.146484375000000000e-01
2.646484375000000000e-01
7.646484375000000000e-01
1.396484375000000000e-01
6.396484375000000000e-01
3.896484375000000000e-01
8.896484375000000000e-01
7.714843750000000000e-02
5.771484375000000000e-01
3.271484375000000000e-01
8.271484375000000000e-01
2.021484375000000000e-01
7.021484375000000000e-01
4.521484375000000000e-01
9.521484375000000000e-01
4.589843750000000000e-02
5.458984375000000000e-01
2.958984375000000000e-01
7.958984375000000000e-01
1.708984375000000000e-01
6.708984375000000000e-01
4.208984375000000000e-01
9.208984375000000000e-01
1.083984375000000000e-01
6.083984375000000000e-01
3.583984375000000000e-01
8.583984375000000000e-01
2.333984375000000000e-01
7.333984375000000000e-01
4.833984375000000000e-01
9.833984375000000000e-01
3.027343750000000000e-02
5.302734375000000000e-01
2.802734375000000000e-01
7.802734375000000000e-01
1.552734375000000000e-01
6.552734375000000000e-01
4.052734375000000000e-01
9.052734375000000000e-01
9.277343750000000000e-02
5.927734375000000000e-01
3.427734375000000000e-01
8.427734375000000000e-01
2.177734375000000000e-01
7.177734375000000000e-01
4.677734375000000000e-01
9.677734375000000000e-01
6.152343750000000000e-02
5.615234375000000000e-01
3.115234375000000000e-01
8.115234375000000000e-01
1.865234375000000000e-01
6.865234375000000000e-01
4.365234375000000000e-01
9.365234375000000000e-01
1.240234375000000000e-01
6.240234375000000000e-01
3.740234375000000000e-01
8.740234375000000000e-01
2.490234375000000000e-01
7.490234375000000000e-01
4.990234375000000000e-01
9.990234375000000000e-01
4.882812500000000000e-04
5.004882812500000000e-01
2.504882812500000000e-01
7.504882812500000000e-01
1.254882812500000000e-01
6.254882812500000000e-01
3.754882812500000000e-01
8.754882812500000000e-01
6.298828125000000000e-02
5.629882812500000000e-01
3.129882812500000000e-01
8.129882812500000000e-01
1.879882812500000000e-01
6.879882812500000000e-01
4.379882812500000000e-01
9.379882812500000000e-01
3.173828125000000000e-02
5.317382812500000000e-01
2.817382812500000000e-01
7.817382812500000000e-01
1.567382812500000000e-01
6.567382812500000000e-01
4.067382812500000000e-01
9.067382812500000000e-01
9.423828125000000000e-02
5.942382812500000000e-01
3.442382812500000000e-01
8.442382812500000000e-01
2.192382812500000000e-01
7.192382812500000000e-01
4.692382812500000000e-01
9.692382812500000000e-01
1.611328125000000000e-02
5.161132812500000000e-01
2.661132812500000000e-01
7.661132812500000000e-01
1.411132812500000000e-01
6.411132812500000000e-01
3.911132812500000000e-01
8.911132812500000000e-01
7.861328125000000000e-02
5.786132812500000000e-01
3.286132812500000000e-01
8.286132812500000000e-01
2.036132812500000000e-01
7.036132812500000000e-01
4.536132812500000000e-01
9.536132812500000000e-01
4.736328125000000000e-02
5.473632812500000000e-01
2.973632812500000000e-01
7.973632812500000000e-01
1.723632812500000000e-01
6.723632812500000000e-01
4.223632812500000000e-01
9.223632812500000000e-01
1.098632812500000000e-01
6.098632812500000000e-01
3.598632812500000000e-01
8.598632812500000000e-01
2.348632812500000000e-01
7.348632812500000000e-01
4.848632812500000000e-01
9.848632812500000000e-01
8.300781250000000000e-03
5.083007812500000000e-01
2.583007812500000000e-01
7.583007812500000000e-01
1.333007812500000000e-01
6.333007812500000000e-01
3.833007812500000000e-01
8.833007812500000000e-01
7.080078125000000000e-02
5.708007812500000000e-01
3.208007812500000000e-01
8.208007812500000000e-01
1.958007812500000000e-01
6.958007812500000000e-01
4.458007812500000000e-01
9.458007812500000000e-01
3.955078125000000000e-02
5.395507812500000000e-01
2.895507812500000000e-01
7.895507812500000000e-01
1.645507812500000000e-01
6.645507812500000000e-01
4.145507812500000000e-01
9.145507812500000000e-01
1.020507812500000000e-01
6.020507812500000000e-01
3.520507812500000000e-01
8.520507812500000000e-01
2.270507812500000000e-01
7.270507812500000000e-01
4.770507812500000000e-01
9.770507812500000000e-01
2.392578125000000000e-02
5.239257812500000000e-01
2.739257812500000000e-01
7.739257812500000000e-01
1.489257812500000000e-01
6.489257812500000000e-01
3.989257812500000000e-01
8.989257812500000000e-01
8.642578125000000000e-02
5.864257812500000000e-01
3.364257812500000000e-01
8.364257812500000000e-01
2.114257812500000000e-01
7.114257812500000000e-01
4.614257812500000000e-01
9.614257812500000000e-01
5.517578125000000000e-02
5.551757812500000000e-01
3.051757812500000000e-01
8.051757812500000000e-01
1.801757812500000000e-01
6.801757812500000000e-01
4.301757812500000000e-01
9.301757812500000000e-01
1.176757812500000000e-01
6.176757812500000000e-01
3.676757812500000000e-01
8.676757812500000000e-01
2.426757812500000000e-01
7.426757812500000000e-01
4.926757812500000000e-01
9.926757812500000000e-01
4.394531250000000000e-03
5.043945312500000000e-01
2.543945312500000000e-01
7.543945312500000000e-01
1.293945312500000000e-01
6.293945312500000000e-01
3.793945312500000000e-01
8.793945312500000000e-01
6.689453125000000000e-02
5.668945312500000000e-01
3.168945312500000000e-01
8.168945312500000000e-01
1.918945312500000000e-01
6.918945312500000000e-01
4.418945312500000000e-01
9.418945312500000000e-01
3.564453125000000000e-02
5.356445312500000000e-01
2.856445312500000000e-01
7.856445312500000000e-01
1.606445312500000000e-01
6.606445312500000000e-01
4.106445312500000000e-01
9.106445312500000000e-01
9.814453125000000000e-02
5.981445312500000000e-01
3.481445312500000000e-01
8.481445312500000000e-01
2.231445312500000000e-01
7.231445312500000000e-01
4.731445312500000000e-01
9.731445312500000000e-01
2.001953125000000000e-02
5.200195312500000000e-01
2.700195312500000000e-01
7.700195312500000000e-01
1.450195312500000000e-01
6.450195312500000000e-01
3.950195312500000000e-01
8.950195312500000000e-01
8.251953125000000000e-02
5.825195312500000000e-01
3.325195312500000000e-01
8.325195312500000000e-01
2.075195312500000000e-01
7.075195312500000000e-01
4.575195312500000000e-01
9.575195312500000000e-01
5.126953125000000000e-02
5.512695312500000000e-01
3.012695312500000000e-01
8.012695312500000000e-01
1.762695312500000000e-01
6.762695312500000000e-01
4.262695312500000000e-01
9.262695312500000000e-01
1.137695312500000000e-01
6.137695312500000000e-01
3.637695312500000000e-01
8.637695312500000000e-01
2.387695312500000000e-01
7.387695312500000000e-01
4.887695312500000000e-01
9.887695312500000000e-01
1.220703125000000000e-02
5.122070312500000000e-01
2.622070312500000000e-01
7.622070312500000000e-01
1.372070312500000000e-01
6.372070312500000000e-01
3.872070312500000000e-01
8.872070312500000000e-01
7.470703125000000000e-02
5.747070312500000000e-01
3.247070312500000000e-01
8.247070312500000000e-01
1.997070312500000000e-01
6.997070312500000000e-01
4.497070312500000000e-01
9.497070312500000000e-01
4.345703125000000000e-02
5.434570312500000000e-01
2.934570312500000000e-01
7.934570312500000000e-01
1.684570312500000000e-01
6.684570312500000000e-01
4.184570312500000000e-01
9.184570312500000000e-01
1.059570312500000000e-01
6.059570312500000000e-01
3.559570312500000000e-01
8.559570312500000000e-01
2.309570312500000000e-01
7.309570312500000000e-01
4.809570312500000000e-01
9.809570312500000000e-01
2.783203125000000000e-02
5.278320312500000000e-01
2.778320312500000000e-01
7.778320312500000000e-01
1.528320312500000000e-01
6.528320312500000000e-01
4.028320312500000000e-01
9.028320312500000000e-01
9.033203125000000000e-02
5.903320312500000000e-01
3.403320312500000000e-01
8.403320312500000000e-01
2.153320312500000000e-01
7.153320312500000000e-01
4.653320312500000000e-01
9.653320312500000000e-01
5.908203125000000000e-02
5.590820312500000000e-01
3.090820312500000000e-01
8.090820312500000000e-01
1.840820312500000000e-01
6.840820312500000000e-01
4.340820312500000000e-01
9.340820312500000000e-01
1.215820312500000000e-01
6.215820312500000000e-01
3.715820312500000000e-01
8.715820312500000000e-01
2.465820312500000000e-01
7.465820312500000000e-01
4.965820312500000000e-01
9.965820312500000000e-01
2.441406250000000000e-03
5.024414062500000000e-01
2.524414062500000000e-01
7.524414062500000000e-01
1.274414062500000000e-01
6.274414062500000000e-01
3.774414062500000000e-01
8.774414062500000000e-01
6.494140625000000000e-02
5.649414062500000000e-01
3.149414062500000000e-01
8.149414062500000000e-01
1.899414062500000000e-01
6.899414062500000000e-01
4.399414062500000000e-01
9.399414062500000000e-01
3.369140625000000000e-02
5.336914062500000000e-01
2.836914062500000000e-01
7.836914062500000000e-01
1.586914062500000000e-01
6.586914062500000000e-01
4.086914062500000000e-01
9.086914062500000000e-01
9.619140625000000000e-02
5.961914062500000000e-01
3.461914062500000000e-01
8.461914062500000000e-01
2.211914062500000000e-01
7.211914062500000000e-01
4.711914062500000000e-01
9.711914062500000000e-01
1.806640625000000000e-02
5.180664062500000000e-01
2.680664062500000000e-01
7.680664062500000000e-01
1.430664062500000000e-01
6.430664062500000000e-01
3.930664062500000000e-01
8.930664062500000000e-01
8.056640625000000000e-02
5.805664062500000000e-01
3.305664062500000000e-01
8.305664062500000000e-01
2.055664062500000000e-01
7.055664062500000000e-01
4.555664062500000000e-01
9.555664062500000000e-01
4.931640625000000000e-02
5.493164062500000000e-01
2.993164062500000000e-01
7.993164062500000000e-01
1.743164062500000000e-01
6.743164062500000000e-01
4.243164062500000000e-01
9.243164062500000000e-01
1.118164062500000000e-01
6.118164062500000000e-01
3.618164062500000000e-01
8.618164062500000000e-01
2.368164062500000000e-01
7.368164062500000000e-01
4.868164062500000000e-01
9.868164062500000000e-01
1.025390625000000000e-02
5.102539062500000000e-01
2.602539062500000000e-01
7.602539062500000000e-01
1.352539062500000000e-01
6.352539062500000000e-01
3.852539062500000000e-01
8.852539062500000000e-01
7.275390625000000000e-02
5.727539062500000000e-01
3.227539062500000000e-01
8.227539062500000000e-01
1.977539062500000000e-01
6.977539062500000000e-01
4.477539062500000000e-01
9.477539062500000000e-01
4.150390625000000000e-02
5.415039062500000000e-01
2.915039062500000000e-01
7.915039062500000000e-01
1.665039062500000000e-01
6.665039062500000000e-01
4.165039062500000000e-01
9.165039062500000000e-01
1.040039062500000000e-01
6.040039062500000000e-01
3.540039062500000000e-01
8.540039062500000000e-01
2.290039062500000000e-01
7.290039062500000000e-01
4.790039062500000000e-01
9.790039062500000000e-01
2.587890625000000000e-02
5.258789062500000000e-01
2.758789062500000000e-01
7.758789062500000000e-01
1.508789062500000000e-01
6.508789062500000000e-01
4.008789062500000000e-01
9.008789062500000000e-01
8.837890625000000000e-02
5.883789062500000000e-01
3.383789062500000000e-01
8.383789062500000000e-01
2.133789062500000000e-01
7.133789062500000000e-01
4.633789062500000000e-01
9.633789062500000000e-01
5.712890625000000000e-02
5.571289062500000000e-01
3.071289062500000000e-01
8.071289062500000000e-01
1.821289062500000000e-01
6.821289062500000000e-01
4.321289062500000000e-01
9.321289062500000000e-01
1.196289062500000000e-01
6.196289062500000000e-01
3.696289062500000000e-01
8.696289062500000000e-01
2.446289062500000000e-01
7.446289062500000000e-01
4.946289062500000000e-01
9.946289062500000000e-01
6.347656250000000000e-03
5.063476562500000000e-01
2.563476562500000000e-01
7.563476562500000000e-01
1.313476562500000000e-01
6.313476562500000000e-01
3.813476562500000000e-01
8.813476562500000000e-01
6.884765625000000000e-02
5.688476562500000000e-01
3.188476562500000000e-01
8.188476562500000000e-01
1.938476562500000000e-01
6.938476562500000000e-01
4.438476562500000000e-01
9.438476562500000000e-01
3.759765625000000000e-02
5.375976562500000000e-01
2.875976562500000000e-01
7.875976562500000000e-01
1.625976562500000000e-01
6.625976562500000000e-01
4.125976562500000000e-01
9.125976562500000000e-01
1.000976562500000000e-01
6.000976562500000000e-01
3.500976562500000000e-01
8.500976562500000000e-01
2.250976562500000000e-01
7.250976562500000000e-01
4.750976562500000000e-01
9.750976562500000000e-01
2.197265625000000000e-02
5.219726562500000000e-01
2.719726562500000000e-01
7.719726562500000000e-01
1.469726562500000000e-01
6.469726562500000000e-01
3.969726562500000000e-01
8.969726562500000000e-01
8.447265625000000000e-02
5.844726562500000000e-01
3.344726562500000000e-01
8.344726562500000000e-01
2.094726562500000000e-01
7.094726562500000000e-01
4.594726562500000000e-01
9.594726562500000000e-01
5.322265625000000000e-02
5.532226562500000000e-01
3.032226562500000000e-01
8.032226562500000000e-01
1.782226562500000000e-01
6.782226562500000000e-01
4.282226562500000000e-01
9.282226562500000000e-01
1.157226562500000000e-01
6.157226562500000000e-01
3.657226562500000000e-01
8.657226562500000000e-01
2.407226562500000000e-01
7.407226562500000000e-01
4.907226562500000000e-01
9.907226562500000000e-01
1.416015625000000000e-02
5.141601562500000000e-01
2.641601562500000000e-01
7.641601562500000000e-01
1.391601562500000000e-01
6.391601562500000000e-01
3.891601562500000000e-01
8.891601562500000000e-01
7.666015625000000000e-02
5.766601562500000000e-01
3.266601562500000000e-01
8.266601562500000000e-01
2.016601562500000000e-01
7.016601562500000000e-01
4.516601562500000000e-01
9.516601562500000000e-01
4.541015625000000000e-02
5.454101562500000000e-01
2.954101562500000000e-01
7.954101562500000000e-01
1.704101562500000000e-01
6.704101562500000000e-01
4.204101562500000000e-01
9.204101562500000000e-01
1.079101562500000000e-01
6.079101562500000000e-01
3.579101562500000000e-01
8.579101562500000000e-01
2.329101562500000000e-01
7.329101562500000000e-01
4.829101562500000000e-01
9.829101562500000000e-01
2.978515625000000000e-02
5.297851562500000000e-01
2.797851562500000000e-01
7.797851562500000000e-01
1.547851562500000000e-01
6.547851562500000000e-01
4.047851562500000000e-01
9.047851562500000000e-01
9.228515625000000000e-02
5.922851562500000000e-01
3.422851562500000000e-01
8.422851562500000000e-01
2.172851562500000000e-01
7.172851562500000000e-01
4.672851562500000000e-01
9.672851562500000000e-01
6.103515625000000000e-02
5.610351562500000000e-01
3.110351562500000000e-01
8.110351562500000000e-01
1.860351562500000000e-01
6.860351562500000000e-01
4.360351562500000000e-01
9.360351562500000000e-01
1.235351562500000000e-01
6.235351562500000000e-01
3.735351562500000000e-01
8.735351562500000000e-01
2.485351562500000000e-01
7.485351562500000000e-01
4.985351562500000000e-01
9.985351562500000000e-01
1.464843750000000000e-03
5.014648437500000000e-01
2.514648437500000000e-01
7.514648437500000000e-01
1.264648437500000000e-01
6.264648437500000000e-01
3.764648437500000000e-01
8.764648437500000000e-01
6.396484375000000000e-02
5.639648437500000000e-01
3.139648437500000000e-01
8.139648437500000000e-01
1.889648437500000000e-01
6.889648437500000000e-01
4.389648437500000000e-01
9.389648437500000000e-01
3.271484375000000000e-02
5.327148437500000000e-01
2.827148437500000000e-01
7.827148437500000000e-01
1.577148437500000000e-01
6.577148437500000000e-01
4.077148437500000000e-01
9.077148437500000000e-01
9.521484375000000000e-02
5.952148437500000000e-01
3.452148437500000000e-01
8.452148437500000000e-01
2.202148437500000000e-01
7.202148437500000000e-01
4.702148437500000000e-01
9.702148437500000000e-01
1.708984375000000000e-02
5.170898437500000000e-01
2.670898437500000000e-01
7.670898437500000000e-01
1.420898437500000000e-01
6.420898437500000000e-01
3.920898437500000000e-01
8.920898437500000000e-01
7.958984375000000000e-02
5.795898437500000000e-01
3.295898437500000000e-01
8.295898437500000000e-01
2.045898437500000000e-01
7.045898437500000000e-01
4.545898437500000000e-01
9.545898437500000000e-01
4.833984375000000000e-02
5.483398437500000000e-01
2.983398437500000000e-01
7.983398437500000000e-01
1.733398437500000000e-01
6.733398437500000000e-01
4.233398437500000000e-01
9.233398437500000000e-01
1.108398437500000000e-01
6.108398437500000000e-01
3.608398437500000000e-01
8.608398437500000000e-01
2.358398437500000000e-01
7.358398437500000000e-01
4.858398437500000000e-01
9.858398437500000000e-01
9.277343750000000000e-03
5.092773437500000000e-01
2.592773437500000000e-01
7.592773437500000000e-01
1.342773437500000000e-01
6.342773437500000000e-01
3.842773437500000000e-01
8.842773437500000000e-01
7.177734375000000000e-02
5.717773437500000000e-01
3.217773437500000000e-01
8.217773437500000000e-01
1.967773437500000000e-01
6.967773437500000000e-01
4.467773437500000000e-01
9.467773437500000000e-01
4.052734375000000000e-02
5.405273437500000000e-01
2.905273437500000000e-01
7.905273437500000000e-01
1.655273437500000000e-01
6.655273437500000000e-01
4.155273437500000000e-01
9.155273437500000000e-01
1.030273437500000000e-01
6.030273437500000000e-01
3.530273437500000000e-01
8.530273437500000000e-01
2.280273437500000000e-01
7.280273437500000000e-01
4.780273437500000000e-01
9.780273437500000000e-01
2.490234375000000000e-02
5.249023437500000000e-01
2.749023437500000000e-01
7.749023437500000000e-01
1.499023437500000000e-01
6.499023437500000000e-01
3.999023437500000000e-01
8.999023437500000000e-01
8.740234375000000000e-02
5.874023437500000000e-01
3.374023437500000000e-01
8.374023437500000000e-01
2.124023437500000000e-01
7.124023437500000000e-01
4.624023437500000000e-01
9.624023437500000000e-01
5.615234375000000000e-02
5.561523437500000000e-01
3.061523437500000000e-01
8.061523437500000000e-01
1.811523437500000000e-01
6.811523437500000000e-01
4.311523437500000000e-01
9.311523437500000000e-01
1.186523437500000000e-01
6.186523437500000000e-01
3.686523437500000000e-01
8.686523437500000000e-01
2.436523437500000000e-01
7.436523437500000000e-01
4.936523437500000000e-01
9.936523437500000000e-01
5.371093750000000000e-03
5.053710937500000000e-01
2.553710937500000000e-01
7.553710937500000000e-01
1.303710937500000000e-01
6.303710937500000000e-01
3.803710937500000000e-01
8.803710937500000000e-01
6.787109375000000000e-02
5.678710937500000000e-01
3.178710937500000000e-01
8.178710937500000000e-01
1.928710937500000000e-01
6.928710937500000000e-01
4.428710937500000000e-01
9.428710937500000000e-01
3.662109375000000000e-02
5.366210937500000000e-01
2.866210937500000000e-01
7.866210937500000000e-01
1.616210937500000000e-01
6.616210937500000000e-01
4.116210937500000000e-01
9.116210937500000000e-01
9.912109375000000000e-02
5.991210937500000000e-01
3.491210937500000000e-01
8.491210937500000000e-01
2.241210937500000000e-01
7.241210937500000000e-01
4.741210937500000000e-01
9.741210937500000000e-01
2.099609375000000000e-02
5.209960937500000000e-01
2.709960937500000000e-01
7.709960937500000000e-01
1.459960937500000000e-01
6.459960937500000000e-01
3.959960937500000000e-01
8.959960937500000000e-01
8.349609375000000000e-02
5.834960937500000000e-01
3.334960937500000000e-01
8.334960937500000000e-01
2.084960937500000000e-01
7.084960937500000000e-01
4.584960937500000000e-01
9.584960937500000000e-01
5.224609375000000000e-02
5.522460937500000000e-01
3.022460937500000000e-01
8.022460937500000000e-01
1.772460937500000000e-01
6.772460937500000000e-01
4.272460937500000000e-01
9.272460937500000000e-01
1.147460937500000000e-01
6.147460937500000000e-01
3.647460937500000000e-01
8.647460937500000000e-01
2.397460937500000000e-01
7.397460937500000000e-01
4.897460937500000000e-01
9.897460937500000000e-01
1.318359375000000000e-02
5.131835937500000000e-01
2.631835937500000000e-01
7.631835937500000000e-01
1.381835937500000000e-01
6.381835937500000000e-01
3.881835937500000000e-01
8.881835937500000000e-01
7.568359375000000000e-02
5.756835937500000000e-01
3.256835937500000000e-01
8.256835937500000000e-01
2.006835937500000000e-01
7.006835937500000000e-01
4.506835937500000000e-01
9.506835937500000000e-01
4.443359375000000000e-02
5.444335937500000000e-01
2.944335937500000000e-01
7.944335937500000000e-01
1.694335937500000000e-01
6.694335937500000000e-01
4.194335937500000000e-01
9.194335937500000000e-01
1.069335937500000000e-01
6.069335937500000000e-01
3.569335937500000000e-01
8.569335937500000000e-01
2.319335937500000000e-01
7.319335937500000000e-01
4.819335937500000000e-01
9.819335937500000000e-01
2.880859375000000000e-02
5.288085937500000000e-01
2.788085937500000000e-01
7.788085937500000000e-01
1.538085937500000000e-01
6.538085937500000000e-01
4.038085937500000000e-01
9.038085937500000000e-01
9.130859375000000000e-02
5.913085937500000000e-01
3.413085937500000000e-01
8.413085937500000000e-01
2.163085937500000000e-01
7.163085937500000000e-01
4.663085937500000000e-01
9.663085937500000000e-01
6.005859375000000000e-02
5.600585937500000000e-01
3.100585937500000000e-01
8.100585937500000000e-01
1.850585937500000000e-01
6.850585937500000000e-01
4.350585937500000000e-01
9.350585937500000000e-01
1.225585937500000000e-01
6.225585937500000000e-01
3.725585937500000000e-01
8.725585937500000000e-01
2.475585937500000000e-01
7.475585937500000000e-01
4.975585937500000000e-01
9.975585937500000000e-01
3.417968750000000000e-03
5.034179687500000000e-01
2.534179687500000000e-01
7.534179687500000000e-01
1.284179687500000000e-01
6.284179687500000000e-01
3.784179687500000000e-01
8.784179687500000000e-01
6.591796875000000000e-02
5.659179687500000000e-01
3.159179687500000000e-01
8.159179687500000000e-01
1.909179687500000000e-01
6.909179687500000000e-01
4.409179687500000000e-01
9.409179687500000000e-01
3.466796875000000000e-02
5.346679687500000000e-01
2.846679687500000000e-01
7.846679687500000000e-01
1.596679687500000000e-01
6.596679687500000000e-01
4.096679687500000000e-01
9.096679687500000000e-01
9.716796875000000000e-02
5.971679687500000000e-01
3.471679687500000000e-01
8.471679687500000000e-01
2.221679687500000000e-01
7.221679687500000000e-01
4.721679687500000000e-01
9.721679687500000000e-01
1.904296875000000000e-02
5.190429687500000000e-01
2.690429687500000000e-01
7.690429687500000000e-01
1.440429687500000000e-01
6.440429687500000000e-01
3.940429687500000000e-01
8.940429687500000000e-01
8.154296875000000000e-02
5.815429687500000000e-01
3.315429687500000000e-01
8.315429687500000000e-01
2.065429687500000000e-01
7.065429687500000000e-01
4.565429687500000000e-01
9.565429687500000000e-01
5.029296875000000000e-02
5.502929687500000000e-01
3.002929687500000000e-01
8.002929687500000000e-01
1.752929687500000000e-01
6.752929687500000000e-01
4.252929687500000000e-01
9.252929687500000000e-01
1.127929687500000000e-01
6.127929687500000000e-01
3.627929687500000000e-01
8.627929687500000000e-01
2.377929687500000000e-01
7.377929687500000000e-01
4.877929687500000000e-01
9.877929687500000000e-01
1.123046875000000000e-02
5.112304687500000000e-01
2.612304687500000000e-01
7.612304687500000000e-01
1.362304687500000000e-01
6.362304687500000000e-01
3.862304687500000000e-01
8.862304687500000000e-01
7.373046875000000000e-02
5.737304687500000000e-01
3.237304687500000000e-01
8.237304687500000000e-01
1.987304687500000000e-01
6.987304687500000000e-01
4.487304687500000000e-01
9.487304687500000000e-01
4.248046875000000000e-02
5.424804687500000000e-01
2.924804687500000000e-01
7.924804687500000000e-01
1.674804687500000000e-01
6.674804687500000000e-01
4.174804687500000000e-01
9.174804687500000000e-01
1.049804687500000000e-01
6.049804687500000000e-01
3.549804687500000000e-01
8.549804687500000000e-01
2.299804687500000000e-01
7.299804687500000000e-01
4.799804687500000000e-01
9.799804687500000000e-01
2.685546875000000000e-02
5.268554687500000000e-01
2.768554687500000000e-01
7.768554687500000000e-01
1.518554687500000000e-01
6.518554687500000000e-01
4.018554687500000000e-01
9.018554687500000000e-01
8.935546875000000000e-02
5.893554687500000000e-01
3.393554687500000000e-01
8.393554687500000000e-01
2.143554687500000000e-01
7.143554687500000000e-01
4.643554687500000000e-01
9.643554687500000000e-01
5.810546875000000000e-02
5.581054687500000000e-01
3.081054687500000000e-01
8.081054687500000000e-01
1.831054687500000000e-01
6.831054687500000000e-01
4.331054687500000000e-01
9.331054687500000000e-01
1.206054687500000000e-01
6.206054687500000000e-01
3.706054687500000000e-01
8.706054687500000000e-01
2.456054687500000000e-01
7.456054687500000000e-01
4.956054687500000000e-01
9.956054687500000000e-01
7.324218750000000000e-03
5.073242187500000000e-01
2.573242187500000000e-01
7.573242187500000000e-01
1.323242187500000000e-01
6.323242187500000000e-01
3.823242187500000000e-01
8.823242187500000000e-01
6.982421875000000000e-02
5.698242187500000000e-01
3.198242187500000000e-01
8.198242187500000000e-01
1.948242187500000000e-01
6.948242187500000000e-01
4.448242187500000000e-01
9.448242187500000000e-01
3.857421875000000000e-02
5.385742187500000000e-01
2.885742187500000000e-01
7.885742187500000000e-01
1.635742187500000000e-01
6.635742187500000000e-01
4.135742187500000000e-01
9.135742187500000000e-01
1.010742187500000000e-01
6.010742187500000000e-01
3.510742187500000000e-01
8.510742187500000000e-01
2.260742187500000000e-01
7.260742187500000000e-01
4.760742187500000000e-01
9.760742187500000000e-01
2.294921875000000000e-02
5.229492187500000000e-01
2.729492187500000000e-01
7.729492187500000000e-01
1.479492187500000000e-01
6.479492187500000000e-01
3.979492187500000000e-01
8.979492187500000000e-01
8.544921875000000000e-02
5.854492187500000000e-01
3.354492187500000000e-01
8.354492187500000000e-01
2.104492187500000000e-01
7.104492187500000000e-01
4.604492187500000000e-01
9.604492187500000000e-01
5.419921875000000000e-02
5.541992187500000000e-01
3.041992187500000000e-01
8.041992187500000000e-01
1.791992187500000000e-01
6.791992187500000000e-01
4.291992187500000000e-01
9.291992187500000000e-01
1.166992187500000000e-01
6.166992187500000000e-01
3.666992187500000000e-01
8.666992187500000000e-01
2.416992187500000000e-01
7.416992187500000000e-01
4.916992187500000000e-01
9.916992187500000000e-01
1.513671875000000000e-02
5.151367187500000000e-01
2.651367187500000000e-01
7.651367187500000000e-01
1.401367187500000000e-01
6.401367187500000000e-01
3.901367187500000000e-01
8.901367187500000000e-01
7.763671875000000000e-02
5.776367187500000000e-01
3.276367187500000000e-01
8.276367187500000000e-01
2.026367187500000000e-01
7.026367187500000000e-01
4.526367187500000000e-01
9.526367187500000000e-01
4.638671875000000000e-02
5.463867187500000000e-01
2.963867187500000000e-01
7.963867187500000000e-01
1.713867187500000000e-01
6.713867187500000000e-01
4.213867187500000000e-01
9.213867187500000000e-01
1.088867187500000000e-01
6.088867187500000000e-01
3.588867187500000000e-01
8.588867187500000000e-01
2.338867187500000000e-01
7.338867187500000000e-01
4.838867187500000000e-01
9.838867187500000000e-01
3.076171875000000000e-02
5.307617187500000000e-01
2.807617187500000000e-01
7.807617187500000000e-01
1.557617187500000000e-01
6.557617187500000000e-01
4.057617187500000000e-01
9.057617187500000000e-01
9.326171875000000000e-02
5.932617187500000000e-01
3.432617187500000000e-01
8.432617187500000000e-01
2.182617187500000000e-01
7.182617187500000000e-01
4.682617187500000000e-01
9.682617187500000000e-01
6.201171875000000000e-02
5.620117187500000000e-01
3.120117187500000000e-01
8.120117187500000000e-01
1.870117187500000000e-01
6.870117187500000000e-01
4.370117187500000000e-01
9.370117187500000000e-01
1.245117187500000000e-01
6.245117187500000000e-01
3.745117187500000000e-01
8.745117187500000000e-01
2.495117187500000000e-01
7.495117187500000000e-01
4.995117187500000000e-01
9.995117187500000000e-01
2.441406250000000000e-04
5.002441406250000000e-01
2.502441406250000000e-01
7.502441406250000000e-01
1.252441406250000000e-01
6.252441406250000000e-01
3.752441406250000000e-01
8.752441406250000000e-01
6.274414062500000000e-02
5.627441406250000000e-01
3.127441406250000000e-01
8.127441406250000000e-01
1.877441406250000000e-01
6.877441406250000000e-01
4.377441406250000000e-01
9.377441406250000000e-01
3.149414062500000000e-02
5.314941406250000000e-01
2.814941406250000000e-01
7.814941406250000000e-01
1.564941406250000000e-01
6.564941406250000000e-01
4.064941406250000000e-01
9.064941406250000000e-01
9.399414062500000000e-02
5.939941406250000000e-01
3.439941406250000000e-01
8.439941406250000000e-01
2.189941406250000000e-01
7.189941406250000000e-01
4.689941406250000000e-01
9.689941406250000000e-01
1.586914062500000000e-02
5.158691406250000000e-01
2.658691406250000000e-01
7.658691406250000000e-01
1.408691406250000000e-01
6.408691406250000000e-01
3.908691406250000000e-01
8.908691406250000000e-01
7.836914062500000000e-02
5.783691406250000000e-01
3.283691406250000000e-01
8.283691406250000000e-01
2.033691406250000000e-01
7.033691406250000000e-01
4.533691406250000000e-01
9.533691406250000000e-01
4.711914062500000000e-02
5.471191406250000000e-01
2.971191406250000000e-01
7.971191406250000000e-01
1.721191406250000000e-01
6.721191406250000000e-01
4.221191406250000000e-01
9.221191406250000000e-01
1.096191406250000000e-01
6.096191406250000000e-01
3.596191406250000000e-01
8.596191406250000000e-01
2.346191406250000000e-01
7.346191406250000000e-01
4.846191406250000000e-01
9.846191406250000000e-01
8.056640625000000000e-03
5.080566406250000000e-01
2.580566406250000000e-01
7.580566406250000000e-01
1.330566406250000000e-01
6.330566406250000000e-01
3.830566406250000000e-01
8.830566406250000000e-01
7.055664062500000000e-02
5.705566406250000000e-01
3.205566406250000000e-01
8.205566406250000000e-01
1.955566406250000000e-01
6.955566406250000000e-01
4.455566406250000000e-01
9.455566406250000000e-01
3.930664062500000000e-02
5.393066406250000000e-01
2.893066406250000000e-01
7.893066406250000000e-01
1.643066406250000000e-01
6.643066406250000000e-01
4.143066406250000000e-01
9.143066406250000000e-01
1.018066406250000000e-01
6.018066406250000000e-01
3.518066406250000000e-01
8.518066406250000000e-01
2.268066406250000000e-01
7.268066406250000000e-01
4.768066406250000000e-01
9.768066406250000000e-01
2.368164062500000000e-02
5.236816406250000000e-01
2.736816406250000000e-01
7.736816406250000000e-01
1.486816406250000000e-01
6.486816406250000000e-01
3.986816406250000000e-01
8.986816406250000000e-01
8.618164062500000000e-02
5.861816406250000000e-01
3.361816406250000000e-01
8.361816406250000000e-01
2.111816406250000000e-01
7.111816406250000000e-01
4.611816406250000000e-01
9.611816406250000000e-01
5.493164062500000000e-02
5.549316406250000000e-01
3.049316406250000000e-01
8.049316406250000000e-01
1.799316406250000000e-01
6.799316406250000000e-01
4.299316406250000000e-01
9.299316406250000000e-01
1.174316406250000000e-01
6.174316406250000000e-01
3.674316406250000000e-01
8.674316406250000000e-01
2.424316406250000000e-01
7.424316406250000000e-01
4.924316406250000000e-01
9.924316406250000000e-01
4.150390625000000000e-03
5.041503906250000000e-01
2.541503906250000000e-01
7.541503906250000000e-01
1.291503906250000000e-01
6.291503906250000000e-01
3.791503906250000000e-01
8.791503906250000000e-01
6.665039062500000000e-02
5.666503906250000000e-01
3.166503906250000000e-01
8.166503906250000000e-01
1.916503906250000000e-01
6.916503906250000000e-01
4.416503906250000000e-01
9.416503906250000000e-01
3.540039062500000000e-02
5.354003906250000000e-01
2.854003906250000000e-01
7.854003906250000000e-01
1.604003906250000000e-01
6.604003906250000000e-01
4.104003906250000000e-01
9.104003906250000000e-01
9.790039062500000000e-02
5.979003906250000000e-01
3.479003906250000000e-01
8.479003906250000000e-01
2.229003906250000000e-01
7.229003906250000000e-01
4.729003906250000000e-01
9.729003906250000000e-01
1.977539062500000000e-02
5.197753906250000000e-01
2.697753906250000000e-01
7.697753906250000000e-01
1.447753906250000000e-01
6.447753906250000000e-01
3.947753906250000000e-01
8.947753906250000000e-01
8.227539062500000000e-02
5.822753906250000000e-01
3.322753906250000000e-01
8.322753906250000000e-01
2.072753906250000000e-01
7.072753906250000000e-01
4.572753906250000000e-01
9.572753906250000000e-01
5.102539062500000000e-02
5.510253906250000000e-01
3.010253906250000000e-01
8.010253906250000000e-01
1.760253906250000000e-01
6.760253906250000000e-01
4.260253906250000000e-01
9.260253906250000000e-01
1.135253906250000000e-01
6.135253906250000000e-01
3.635253906250000000e-01
8.635253906250000000e-01
2.385253906250000000e-01
7.385253906250000000e-01
4.885253906250000000e-01
9.885253906250000000e-01
1.196289062500000000e-02
5.119628906250000000e-01
2.619628906250000000e-01
7.619628906250000000e-01
1.369628906250000000e-01
6.369628906250000000e-01
3.869628906250000000e-01
8.869628906250000000e-01
7.446289062500000000e-02
5.744628906250000000e-01
3.244628906250000000e-01
8.244628906250000000e-01
1.994628906250000000e-01
6.994628906250000000e-01
4.494628906250000000e-01
9.494628906250000000e-01
4.321289062500000000e-02
5.432128906250000000e-01
2.932128906250000000e-01
7.932128906250000000e-01
1.682128906250000000e-01
6.682128906250000000e-01
4.182128906250000000e-01
9.182128906250000000e-01
1.057128906250000000e-01
6.057128906250000000e-01
3.557128906250000000e-01
8.557128906250000000e-01
2.307128906250000000e-01
7.307128906250000000e-01
4.807128906250000000e-01
9.807128906250000000e-01
2.758789062500000000e-02
5.275878906250000000e-01
2.775878906250000000e-01
7.775878906250000000e-01
1.525878906250000000e-01
6.525878906250000000e-01
4.025878906250000000e-01
9.025878906250000000e-01
9.008789062500000000e-02
5.900878906250000000e-01
3.400878906250000000e-01
8.400878906250000000e-01
2.150878906250000000e-01
7.150878906250000000e-01
4.650878906250000000e-01
9.650878906250000000e-01
5.883789062500000000e-02
5.588378906250000000e-01
3.088378906250000000e-01
8.088378906250000000e-01
1.838378906250000000e-01
6.838378906250000000e-01
4.338378906250000000e-01
9.338378906250000000e-01
1.213378906250000000e-01
6.213378906250000000e-01
3.713378906250000000e-01
8.713378906250000000e-01
2.463378906250000000e-01
7.463378906250000000e-01
4.963378906250000000e-01
9.963378906250000000e-01
2.197265625000000000e-03
5.021972656250000000e-01
2.521972656250000000e-01
7.521972656250000000e-01
1.271972656250000000e-01
6.271972656250000000e-01
3.771972656250000000e-01
8.771972656250000000e-01
6.469726562500000000e-02
5.646972656250000000e-01
3.146972656250000000e-01
8.146972656250000000e-01
1.896972656250000000e-01
6.896972656250000000e-01
4.396972656250000000e-01
9.396972656250000000e-01
3.344726562500000000e-02
5.334472656250000000e-01
2.834472656250000000e-01
7.834472656250000000e-01
1.584472656250000000e-01
6.584472656250000000e-01
4.084472656250000000e-01
9.084472656250000000e-01
9.594726562500000000e-02
5.959472656250000000e-01
3.459472656250000000e-01
8.459472656250000000e-01
2.209472656250000000e-01
7.209472656250000000e-01
4.709472656250000000e-01
9.709472656250000000e-01
1.782226562500000000e-02
5.178222656250000000e-01
2.678222656250000000e-01
7.678222656250000000e-01
1.428222656250000000e-01
6.428222656250000000e-01
3.928222656250000000e-01
8.928222656250000000e-01
8.032226562500000000e-02
5.803222656250000000e-01
3.303222656250000000e-01
8.303222656250000000e-01
2.053222656250000000e-01
7.053222656250000000e-01
4.553222656250000000e-01
9.553222656250000000e-01
4.907226562500000000e-02
5.490722656250000000e-01
2.990722656250000000e-01
7.990722656250000000e-01
1.740722656250000000e-01
6.740722656250000000e-01
4.240722656250000000e-01
9.240722656250000000e-01
1.115722656250000000e-01
6.115722656250000000e-01
3.615722656250000000e-01
8.615722656250000000e-01
2.365722656250000000e-01
7.365722656250000000e-01
4.865722656250000000e-01
9.865722656250000000e-01
1.000976562500000000e-02
5.100097656250000000e-01
2.600097656250000000e-01
7.600097656250000000e-01
1.350097656250000000e-01
6.350097656250000000e-01
3.850097656250000000e-01
8.850097656250000000e-01
7.250976562500000000e-02
5.725097656250000000e-01
3.225097656250000000e-01
8.225097656250000000e-01
1.975097656250000000e-01
6.975097656250000000e-01
4.475097656250000000e-01
9.475097656250000000e-01
4.125976562500000000e-02
5.412597656250000000e-01
2.912597656250000000e-01
7.912597656250000000e-01
1.662597656250000000e-01
6.662597656250000000e-01
4.162597656250000000e-01
9.162597656250000000e-01
1.037597656250000000e-01
6.037597656250000000e-01
3.537597656250000000e-01
8.537597656250000000e-01
2.287597656250000000e-01
7.287597656250000000e-01
4.787597656250000000e-01
9.787597656250000000e-01
2.563476562500000000e-02
5.256347656250000000e-01
2.756347656250000000e-01
7.756347656250000000e-01
1.506347656250000000e-01
6.506347656250000000e-01
4.006347656250000000e-01
9.006347656250000000e-01
8.813476562500000000e-02
5.881347656250000000e-01
3.381347656250000000e-01
8.381347656250000000e-01
2.131347656250000000e-01
7.131347656250000000e-01
4.631347656250000000e-01
9.631347656250000000e-01
5.688476562500000000e-02
5.568847656250000000e-01
3.068847656250000000e-01
8.068847656250000000e-01
1.818847656250000000e-01
6.818847656250000000e-01
4.318847656250000000e-01
9.318847656250000000e-01
1.193847656250000000e-01
6.193847656250000000e-01
3.693847656250000000e-01
8.693847656250000000e-01
2.443847656250000000e-01
7.443847656250000000e-01
4.943847656250000000e-01
9.943847656250000000e-01
6.103515625000000000e-03
5.061035156250000000e-01
2.561035156250000000e-01
7.561035156250000000e-01
1.311035156250000000e-01
6.311035156250000000e-01
3.811035156250000000e-01
8.811035156250000000e-01
6.860351562500000000e-02
5.686035156250000000e-01
3.186035156250000000e-01
8.186035156250000000e-01
1.936035156250000000e-01
6.936035156250000000e-01
4.436035156250000000e-01
9.436035156250000000e-01
3.735351562500000000e-02
5.373535156250000000e-01
2.873535156250000000e-01
7.873535156250000000e-01
1.623535156250000000e-01
6.623535156250000000e-01
4.123535156250000000e-01
9.123535156250000000e-01
9.985351562500000000e-02
5.998535156250000000e-01
3.498535156250000000e-01
8.498535156250000000e-01
2.248535156250000000e-01
7.248535156250000000e-01
4.748535156250000000e-01
9.748535156250000000e-01
2.172851562500000000e-02
5.217285156250000000e-01
2.717285156250000000e-01
7.717285156250000000e-01
1.467285156250000000e-01
6.467285156250000000e-01
3.967285156250000000e-01
8.967285156250000000e-01
8.422851562500000000e-02
5.842285156250000000e-01
3.342285156250000000e-01
8.342285156250000000e-01
2.092285156250000000e-01
7.092285156250000000e-01
4.592285156250000000e-01
9.592285156250000000e-01
5.297851562500000000e-02
5.529785156250000000e-01
3.029785156250000000e-01
8.029785156250000000e-01
1.779785156250000000e-01
6.779785156250000000e-01
4.279785156250000000e-01
9.279785156250000000e-01
1.154785156250000000e-01
6.154785156250000000e-01
3.654785156250000000e-01
8.654785156250000000e-01
2.404785156250000000e-01
7.404785156250000000e-01
4.904785156250000000e-01
9.904785156250000000e-01
1.391601562500000000e-02
5.139160156250000000e-01
2.639160156250000000e-01
7.639160156250000000e-01
1.389160156250000000e-01
6.389160156250000000e-01
3.889160156250000000e-01
8.889160156250000000e-01
7.641601562500000000e-02
5.764160156250000000e-01
3.264160156250000000e-01
8.264160156250000000e-01
2.014160156250000000e-01
7.014160156250000000e-01
4.514160156250000000e-01
9.514160156250000000e-01
4.516601562500000000e-02
5.451660156250000000e-01
2.951660156250000000e-01
7.951660156250000000e-01
1.701660156250000000e-01
6.701660156250000000e-01
4.201660156250000000e-01
9.201660156250000000e-01
1.076660156250000000e-01
6.076660156250000000e-01
3.576660156250000000e-01
8.576660156250000000e-01
2.326660156250000000e-01
7.326660156250000000e-01
4.826660156250000000e-01
9.826660156250000000e-01
2.954101562500000000e-02
5.295410156250000000e-01
2.795410156250000000e-01
7.795410156250000000e-01
1.545410156250000000e-01
6.545410156250000000e-01
4.045410156250000000e-01
9.045410156250000000e-01
9.204101562500000000e-02
5.920410156250000000e-01
3.420410156250000000e-01
8.420410156250000000e-01
2.170410156250000000e-01
7.170410156250000000e-01
4.670410156250000000e-01
9.670410156250000000e-01
6.079101562500000000e-02
5.607910156250000000e-01
3.107910156250000000e-01
8.107910156250000000e-01
1.857910156250000000e-01
6.857910156250000000e-01
4.357910156250000000e-01
9.357910156250000000e-01
1.232910156250000000e-01
6.232910156250000000e-01
3.732910156250000000e-01
8.732910156250000000e-01
2.482910156250000000e-01
7.482910156250000000e-01
4.982910156250000000e-01
9.982910156250000000e-01
1.220703125000000000e-03
5.012207031250000000e-01
2.512207031250000000e-01
7.512207031250000000e-01
1.262207031250000000e-01
6.262207031250000000e-01
3.762207031250000000e-01
8.762207031250000000e-01
6.372070312500000000e-02
5.637207031250000000e-01
3.137207031250000000e-01
8.137207031250000000e-01
1.887207031250000000e-01
6.887207031250000000e-01
4.387207031250000000e-01
9.387207031250000000e-01
3.247070312500000000e-02
5.324707031250000000e-01
2.824707031250000000e-01
7.824707031250000000e-01
1.574707031250000000e-01
6.574707031250000000e-01
4.074707031250000000e-01
9.074707031250000000e-01
9.497070312500000000e-02
5.949707031250000000e-01
3.449707031250000000e-01
8.449707031250000000e-01
2.199707031250000000e-01
7.199707031250000000e-01
4.699707031250000000e-01
9.699707031250000000e-01
1.684570312500000000e-02
5.168457031250000000e-01
2.668457031250000000e-01
7.668457031250000000e-01
1.418457031250000000e-01
6.418457031250000000e-01
3.918457031250000000e-01
8.918457031250000000e-01
7.934570312500000000e-02
5.793457031250000000e-01
3.293457031250000000e-01
8.293457031250000000e-01
2.043457031250000000e-01
7.043457031250000000e-01
4.543457031250000000e-01
9.543457031250000000e-01
4.809570312500000000e-02
5.480957031250000000e-01
2.980957031250000000e-01
7.980957031250000000e-01
1.730957031250000000e-01
6.730957031250000000e-01
4.230957031250000000e-01
9.230957031250000000e-01
1.105957031250000000e-01
6.105957031250000000e-01
3.605957031250000000e-01
8.605957031250000000e-01
2.355957031250000000e-01
7.355957031250000000e-01
4.855957031250000000e-01
9.855957031250000000e-01
9.033203125000000000e-03
5.090332031250000000e-01
2.590332031250000000e-01
7.590332031250000000e-01
1.340332031250000000e-01
6.340332031250000000e-01
3.840332031250000000e-01
8.840332031250000000e-01
7.153320312500000000e-02
5.715332031250000000e-01
3.215332031250000000e-01
8.215332031250000000e-01
1.965332031250000000e-01
6.965332031250000000e-01
4.465332031250000000e-01
9.465332031250000000e-01
4.028320312500000000e-02
5.402832031250000000e-01
2.902832031250000000e-01
7.902832031250000000e-01
1.652832031250000000e-01
6.652832031250000000e-01
4.152832031250000000e-01
9.152832031250000000e-01
1.027832031250000000e-01
6.027832031250000000e-01
3.527832031250000000e-01
8.527832031250000000e-01
2.277832031250000000e-01
7.277832031250000000e-01
4.777832031250000000e-01
9.777832031250000000e-01
2.465820312500000000e-02
5.246582031250000000e-01
2.746582031250000000e-01
7.746582031250000000e-01
1.496582031250000000e-01
6.496582031250000000e-01
3.996582031250000000e-01
8.996582031250000000e-01
8.715820312500000000e-02
5.871582031250000000e-01
3.371582031250000000e-01
8.371582031250000000e-01
2.121582031250000000e-01
7.121582031250000000e-01
4.621582031250000000e-01
9.621582031250000000e-01
5.590820312500000000e-02
5.559082031250000000e-01
3.059082031250000000e-01
8.059082031250000000e-01
1.809082031250000000e-01
6.809082031250000000e-01
4.309082031250000000e-01
9.309082031250000000e-01
1.184082031250000000e-01
6.184082031250000000e-01
3.684082031250000000e-01
8.684082031250000000e-01
2.434082031250000000e-01
7.434082031250000000e-01
4.934082031250000000e-01
9.934082031250000000e-01
5.126953125000000000e-03
5.051269531250000000e-01
2.551269531250000000e-01
7.551269531250000000e-01
1.301269531250000000e-01
6.301269531250000000e-01
3.801269531250000000e-01
8.801269531250000000e-01
6.762695312500000000e-02
5.676269531250000000e-01
3.176269531250000000e-01
8.176269531250000000e-01
1.926269531250000000e-01
6.926269531250000000e-01
4.426269531250000000e-01
9.426269531250000000e-01
3.637695312500000000e-02
5.363769531250000000e-01
2.863769531250000000e-01
7.863769531250000000e-01
1.613769531250000000e-01
6.613769531250000000e-01
4.113769531250000000e-01
9.113769531250000000e-01
9.887695312500000000e-02
5.988769531250000000e-01
3.488769531250000000e-01
8.488769531250000000e-01
2.238769531250000000e-01
7.238769531250000000e-01
4.738769531250000000e-01
9.738769531250000000e-01
2.075195312500000000e-02
5.207519531250000000e-01
2.707519531250000000e-01
7.707519531250000000e-01
1.457519531250000000e-01
6.457519531250000000e-01
3.957519531250000000e-01
8.957519531250000000e-01
8.325195312500000000e-02
5.832519531250000000e-01
3.332519531250000000e-01
8.332519531250000000e-01
2.082519531250000000e-01
7.082519531250000000e-01
4.582519531250000000e-01
9.582519531250000000e-01
5.200195312500000000e-02
5.520019531250000000e-01
3.020019531250000000e-01
8.020019531250000000e-01
1.770019531250000000e-01
6.770019531250000000e-01
4.270019531250000000e-01
9.270019531250000000e-01
1.145019531250000000e-01
6.145019531250000000e-01
3.645019531250000000e-01
8.645019531250000000e-01
2.395019531250000000e-01
7.395019531250000000e-01
4.895019531250000000e-01
9.895019531250000000e-01
1.293945312500000000e-02
5.129394531250000000e-01
2.629394531250000000e-01
7.629394531250000000e-01
1.379394531250000000e-01
6.379394531250000000e-01
3.879394531250000000e-01
8.879394531250000000e-01
7.543945312500000000e-02
5.754394531250000000e-01
3.254394531250000000e-01
8.254394531250000000e-01
2.004394531250000000e-01
7.004394531250000000e-01
4.504394531250000000e-01
9.504394531250000000e-01
4.418945312500000000e-02
5.441894531250000000e-01
2.941894531250000000e-01
7.941894531250000000e-01
1.691894531250000000e-01
6.691894531250000000e-01
4.191894531250000000e-01
9.191894531250000000e-01
1.066894531250000000e-01
6.066894531250000000e-01
3.566894531250000000e-01
8.566894531250000000e-01
2.316894531250000000e-01
7.316894531250000000e-01
4.816894531250000000e-01
9.816894531250000000e-01
2.856445312500000000e-02
5.285644531250000000e-01
2.785644531250000000e-01
7.785644531250000000e-01
1.535644531250000000e-01
6.535644531250000000e-01
4.035644531250000000e-01
9.035644531250000000e-01
9.106445312500000000e-02
5.910644531250000000e-01
3.410644531250000000e-01
8.410644531250000000e-01
2.160644531250000000e-01
7.160644531250000000e-01
4.660644531250000000e-01
9.660644531250000000e-01
5.981445312500000000e-02
5.598144531250000000e-01
3.098144531250000000e-01
8.098144531250000000e-01
1.848144531250000000e-01
6.848144531250000000e-01
4.348144531250000000e-01
9.348144531250000000e-01
1.223144531250000000e-01
6.223144531250000000e-01
3.723144531250000000e-01
8.723144531250000000e-01
2.473144531250000000e-01
7.473144531250000000e-01
4.973144531250000000e-01
9.973144531250000000e-01
3.173828125000000000e-03
5.031738281250000000e-01
2.531738281250000000e-01
7.531738281250000000e-01
1.281738281250000000e-01
6.281738281250000000e-01
3.781738281250000000e-01
8.781738281250000000e-01
6.567382812500000000e-02
5.656738281250000000e-01
3.156738281250000000e-01
8.156738281250000000e-01
1.906738281250000000e-01
6.906738281250000000e-01
4.406738281250000000e-01
9.406738281250000000e-01
3.442382812500000000e-02
5.344238281250000000e-01
2.844238281250000000e-01
7.844238281250000000e-01
1.594238281250000000e-01
6.594238281250000000e-01
4.094238281250000000e-01
9.094238281250000000e-01
9.692382812500000000e-02
5.969238281250000000e-01
3.469238281250000000e-01
8.469238281250000000e-01
2.219238281250000000e-01
7.219238281250000000e-01
4.719238281250000000e-01
9.719238281250000000e-01
1.879882812500000000e-02
5.187988281250000000e-01
2.687988281250000000e-01
7.687988281250000000e-01
1.437988281250000000e-01
6.437988281250000000e-01
3.937988281250000000e-01
8.937988281250000000e-01
8.129882812500000000e-02
5.812988281250000000e-01
3.312988281250000000e-01
8.312988281250000000e-01
2.062988281250000000e-01
7.062988281250000000e-01
4.562988281250000000e-01
9.562988281250000000e-01
5.004882812500000000e-02
5.500488281250000000e-01
3.000488281250000000e-01
8.000488281250000000e-01
1.750488281250000000e-01
6.750488281250000000e-01
4.250488281250000000e-01
9.250488281250000000e-01
1.125488281250000000e-01
6.125488281250000000e-01
3.625488281250000000e-01
8.625488281250000000e-01
2.375488281250000000e-01
7.375488281250000000e-01
4.875488281250000000e-01
9.875488281250000000e-01
1.098632812500000000e-02
5.109863281250000000e-01
2.609863281250000000e-01
7.609863281250000000e-01
1.359863281250000000e-01
6.359863281250000000e-01
3.859863281250000000e-01
8.859863281250000000e-01
7.348632812500000000e-02
5.734863281250000000e-01
3.234863281250000000e-01
8.234863281250000000e-01
1.984863281250000000e-01
6.984863281250000000e-01
4.484863281250000000e-01
9.484863281250000000e-01
4.223632812500000000e-02
5.422363281250000000e-01
2.922363281250000000e-01
7.922363281250000000e-01
1.672363281250000000e-01
6.672363281250000000e-01
4.172363281250000000e-01
9.172363281250000000e-01
1.047363281250000000e-01
6.047363281250000000e-01
3.547363281250000000e-01
8.547363281250000000e-01
2.297363281250000000e-01
7.297363281250000000e-01
4.797363281250000000e-01
9.797363281250000000e-01
2.661132812500000000e-02
5.266113281250000000e-01
2.766113281250000000e-01
7.766113281250000000e-01
1.516113281250000000e-01
6.516113281250000000e-01
4.016113281250000000e-01
9.016113281250000000e-01
8.911132812500000000e-02
5.891113281250000000e-01
3.391113281250000000e-01
8.391113281250000000e-01
2.141113281250000000e-01
7.141113281250000000e-01
4.641113281250000000e-01
9.641113281250000000e-01
5.786132812500000000e-02
5.578613281250000000e-01
3.078613281250000000e-01
8.078613281250000000e-01
1.828613281250000000e-01
6.828613281250000000e-01
4.328613281250000000e-01
9.328613281250000000e-01
1.203613281250000000e-01
6.203613281250000000e-01
3.703613281250000000e-01
8.703613281250000000e-01
2.453613281250000000e-01
7.453613281250000000e-01
4.953613281250000000e-01
9.953613281250000000e-01
7.080078125000000000e-03
5.070800781250000000e-01
2.570800781250000000e-01
7.570800781250000000e-01
1.320800781250000000e-01
6.320800781250000000e-01
3.820800781250000000e-01
8.820800781250000000e-01
6.958007812500000000e-02
5.695800781250000000e-01
3.195800781250000000e-01
8.195800781250000000e-01
1.945800781250000000e-01
6.945800781250000000e-01
4.445800781250000000e-01
9.445800781250000000e-01
3.833007812500000000e-02
5.383300781250000000e-01
2.883300781250000000e-01
7.883300781250000000e-01
1.633300781250000000e-01
6.633300781250000000e-01
4.133300781250000000e-01
9.133300781250000000e-01
1.008300781250000000e-01
6.008300781250000000e-01
3.508300781250000000e-01
8.508300781250000000e-01
2.258300781250000000e-01
7.258300781250000000e-01
4.758300781250000000e-01
9.758300781250000000e-01
2.270507812500000000e-02
5.227050781250000000e-01
2.727050781250000000e-01
7.727050781250000000e-01
1.477050781250000000e-01
6.477050781250000000e-01
3.977050781250000000e-01
8.977050781250000000e-01
8.520507812500000000e-02
5.852050781250000000e-01
3.352050781250000000e-01
8.352050781250000000e-01
2.102050781250000000e-01
7.102050781250000000e-01
4.602050781250000000e-01
9.602050781250000000e-01
5.395507812500000000e-02
5.539550781250000000e-01
3.039550781250000000e-01
8.039550781250000000e-01
1.789550781250000000e-01
6.789550781250000000e-01
4.289550781250000000e-01
9.289550781250000000e-01
1.164550781250000000e-01
